TABLE 4
YIELDS FROM CO NOVA MODELS (MASS FRACTIONS) NUCLEUS 	MODEL
CO1 	CO2 	CO3 	CO4 	CO5 	CO6 	CO7
1H... 	5.1E-01 	3.3E-01 	3.2E-01 	4.7E-01 	3.0E-01 	1.2E-01 	3.0E-01
3He... 	7.0E-06 	9.2E-06 	6.1E-06 	1.5E-06 	4.1E-06 	2.8E-06 	3.7E-06
4He... 	2.1E-01 	1.4E-01 	1.5E-01 	2.5E-01 	1.6E-01 	9.0E-02 	1.6E-01
7Be... 	4.4E-07 	9.6E-07 	3.1E-06 	6.0E-06 	8.1E-06 	4.0E-06 	3.1E-06
11B... 	1.1E-13 	2.2E-14 	1.7E-12 	2.6E-11 	2.2E-11 	7.4E-12 	1.9E-12
12C... 	1.4E-02 	5.3E-02 	3.6E-02 	2.9E-02 	4.8E-02 	6.8E-02 	3.2E-02
13C... 	3.4E-02 	1.1E-01 	1.3E-01 	4.4E-02 	9.6E-02 	1.9E-01 	1.0E-01
14N... 	9.5E-02 	1.1E-01 	1.1E-01 	7.1E-02 	1.1E-01 	1.4E-01 	1.4E-01
15N... 	9.9E-04 	9.3E-04 	6.2E-03 	2.3E-02 	4.0E-02 	2.9E-02 	5.5E-03
16O... 	1.3E-01 	2.5E-01 	2.4E-01 	8.6E-02 	2.1E-01 	3.4E-01 	2.3E-01
17O... 	3.3E-03 	4.4E-03 	8.0E-03 	1.2E-02 	2.1E-02 	1.9E-02 	8.6E-03
18O... 	8.4E-04 	5.6E-04 	2.2E-03 	4.4E-03 	3.8E-03 	3.7E-03 	3.9E-03
19F... 	8.5E-07 	4.4E-07 	9.9E-07 	5.0E-06 	3.4E-06 	1.8E-06 	1.7E-06
20Ne... 	1.2E-03 	8.2E-04 	8.5E-04 	1.4E-03 	9.7E-04 	5.2E-04 	8.7E-04
21Ne... 	2.9E-08 	4.0E-08 	5.6E-08 	1.9E-07 	1.7E-07 	7.2E-08 	3.4E-08
22Ne... 	2.6E-03 	5.0E-03 	5.0E-03 	2.2E-03 	4.8E-03 	7.3E-03 	5.0E-03
22Na... 	3.4E-07 	3.0E-07 	1.6E-07 	3.8E-07 	2.9E-07 	1.1E-07 	8.5E-08
23Na... 	3.6E-05 	3.6E-05 	3.4E-05 	1.6E-05 	2.0E-05 	2.4E-05 	3.4E-05
24Mg... 	5.7E-05 	6.3E-05 	1.6E-05 	4.4E-06 	1.8E-05 	1.0E-05 	2.8E-06
25Mg... 	3.8E-04 	2.4E-04 	2.8E-04 	1.1E-04 	1.6E-04 	1.3E-04 	2.8E-04
26Mg... 	5.5E-05 	3.7E-05 	3.0E-05 	1.1E-05 	1.5E-05 	9.4E-06 	2.6E-05
26Al... 	8.1E-06 	3.4E-06 	1.6E-05 	3.1E-05 	4.7E-05 	3.3E-05 	2.4E-05
27Al... 	4.8E-05 	2.6E-05 	4.3E-05 	1.3E-04 	1.3E-04 	5.9E-05 	5.4E-05
28Si... 	4.9E-04 	3.3E-04 	3.3E-04 	9.4E-04 	4.5E-04 	1.9E-04 	3.4E-04
29Si... 	2.6E-05 	1.7E-05 	1.7E-05 	1.6E-05 	1.3E-05 	7.3E-06 	1.7E-05
30Si... 	1.8E-05 	1.2E-05 	1.2E-05 	3.2E-05 	1.7E-05 	7.5E-06 	1.2E-05
31P... 	6.1E-06 	4.1E-06 	4.1E-06 	6.2E-06 	4.0E-06 	2.0E-06 	4.0E-06
32S... 	3.0E-04 	2.0E-04 	2.0E-04 	2.9E-04 	2.0E-04 	9.8E-05 	2.0E-04
33S... 	2.5E-06 	1.7E-06 	1.8E-06 	8.6E-06 	3.3E-06 	1.3E-06 	1.9E-06
34S... 	1.4E-05 	9.3E-06 	9.3E-06 	1.4E-05 	9.2E-06 	4.6E-06 	9.3E-06
35Cl... 	1.9E-06 	1.3E-06 	1.3E-06 	2.4E-06 	1.4E-06 	6.7E-07 	1.3E-06
36S... 	7.0E-08 	4.7E-08 	4.7E-08 	6.8E-08 	4.6E-08 	2.3E-08 	4.7E-08
36Ar... 	5.8E-05 	3.9E-05 	3.9E-05 	5.8E-05 	3.9E-05 	1.9E-05 	3.9E-05
37Cl... 	6.4E-07 	4.3E-07 	4.3E-07 	7.4E-07 	4.6E-07 	2.2E-07 	4.3E-07
38Ar... 	1.2E-05 	7.7E-06 	7.7E-06 	1.2E-05 	7.7E-06 	3.8E-06 	7.7E-06
39K... 	2.6E-06 	1.7E-06 	1.7E-06 	2.6E-06 	1.7E-06 	8.7E-07 	1.7E-06