TABLE 3
YIELDS FROM ONE NOVA MODELS (MASS FRACTIONS) NUCLEUS 	MODEL
ONe1 	ONe2 	ONe3 	ONe4 	ONe5 	ONe6 	ONe7
&H-1 	3.2E-01 	4.7E-01 	3.0E-01 	1.2E-01 	2.8E-01 	2.4E-01 	7.3E-02
&He-3 	7.1E-08 	2.1E-09 	4.3E-08 	1.7E-07 	2.8E-08 	2.9E-08 	9.7E-08
&He-4 	1.8E-01 	2.8E-01 	2.0E-01 	1.3E-01 	2.2E-01 	2.4E-01 	1.7E-01
&Be-7 	2.3E-07 	4.6E-08 	6.0E-07 	1.2E-06 	6.9E-07 	1.3E-06 	2.4E-06
&B-11 	8.8E-13 	4.0E-13 	4.4E-12 	1.7E-11 	1.2E-11 	2.5E-10 	1.9E-09
&C-12 	1.3E-02 	1.8E-02 	2.3E-02 	2.2E-02 	2.8E-02 	2.1E-02 	2.6E-02
&C-13 	1.7E-02 	2.3E-02 	2.8E-02 	2.7E-02 	3.2E-02 	1.5E-02 	2.5E-02
&N-14 	2.6E-02 	3.0E-02 	2.2E-02 	2.7E-02 	3.2E-02 	4.6E-02 	3.5E-02
&N-15 	7.7E-03 	1.7E-02 	2.3E-02 	2.4E-02 	4.2E-02 	1.2E-01 	1.4E-01
&O-16 	1.7E-01 	2.4E-02 	1.2E-01 	2.3E-01 	7.1E-02 	2.2E-02 	9.1E-02
&O-17 	1.8E-02 	1.1E-02 	2.8E-02 	4.1E-02 	3.9E-02 	1.7E-02 	5.1E-02
&O-18 	8.2E-03 	2.4E-03 	6.0E-03 	7.3E-03 	4.2E-03 	9.8E-04 	1.8E-03
&F-19 	8.5E-06 	4.7E-06 	8.9E-06 	1.2E-05 	1.3E-05 	2.2E-05 	4.0E-05
&Ne-20 	1.8E-01 	9.0E-02 	1.8E-01 	2.6E-01 	1.8E-01 	1.5E-01 	2.4E-01
&Ne-21 	1.9E-05 	1.3E-05 	3.0E-05 	4.0E-05 	3.5E-05 	5.1E-05 	8.4E-05
&Ne-22 	2.0E-03 	5.9E-04 	1.7E-03 	2.5E-03 	1.0E-03 	1.5E-04 	4.2E-04
&Na-22 	4.8E-05 	3.1E-05 	5.3E-05 	1.5E-04 	9.6E-05 	6.0E-04 	6.5E-04
&Na-23 	1.2E-03 	3.6E-04 	7.5E-04 	3.6E-03 	1.4E-03 	6.6E-03 	7.9E-03
&Mg-24 	2.5E-04 	1.6E-05 	1.0E-04 	1.5E-03 	2.0E-04 	3.6E-04 	1.2E-03
&Mg-25 	1.0E-02 	7.8E-04 	2.9E-03 	7.4E-03 	2.4E-03 	4.2E-03 	6.6E-03
&Mg-26 	9.4E-04 	7.8E-05 	3.4E-04 	1.0E-03 	2.8E-04 	5.9E-04 	1.0E-03
&Al-26 	2.7E-03 	1.8E-04 	9.3E-04 	2.0E-03 	5.4E-04 	7.2E-04 	1.5E-03
&Al-27 	1.2E-02 	7.6E-04 	4.5E-03 	9.2E-03 	2.0E-03 	1.8E-03 	4.5E-03
&Si-28 	3.4E-02 	3.0E-02 	5.4E-02 	7.3E-02 	5.6E-02 	3.5E-02 	5.8E-02
&Si-29 	8.7E-05 	3.1E-04 	4.2E-04 	7.8E-04 	8.8E-04 	1.7E-03 	2.7E-03
&Si-30 	4.3E-05 	1.4E-03 	6.9E-04 	1.7E-03 	4.8E-03 	1.1E-02 	1.7E-02
&P-31 	4.5E-06 	2.6E-04 	5.9E-05 	1.9E-04 	1.3E-03 	7.6E-03 	1.2E-02
&S-32 	2.0E-04 	3.6E-04 	2.0E-04 	1.2E-04 	8.3E-04 	2.3E-02 	1.9E-02
&S-33 	4.7E-06 	4.3E-05 	1.2E-05 	7.0E-06 	7.7E-05 	9.1E-03 	4.4E-03
&S-34 	9.2E-06 	1.8E-05 	9.2E-06 	4.7E-06 	1.9E-05 	6.4E-03 	1.8E-03
&Cl-35 	1.5E-06 	6.2E-06 	2.2E-06 	1.2E-06 	6.1E-06 	7.0E-03 	8.7E-04
&S-36 	4.6E-08 	5.4E-08 	4.2E-08 	2.1E-08 	3.2E-08 	5.4E-09 	5.7E-09
&Ar-36 	3.9E-05 	5.8E-05 	3.9E-05 	1.9E-05 	3.8E-05 	3.9E-03 	1.9E-04
&Cl-37 	4.8E-07 	1.4E-06 	6.2E-07 	3.4E-07 	1.2E-06 	2.8E-04 	7.2E-06
&Ar-38 	7.7E-06 	1.1E-05 	7.6E-06 	3.8E-06 	7.4E-06 	5.1E-05 	3.7E-06
&K-39 	1.8E-06 	2.9E-06 	1.8E-06 	9.1E-07 	2.0E-06 	6.5E-06 	1.8E-06