Starrfield2009 Table 4 
Comparison of the Ejecta Abundances for 1.25 M_sun White Dwarfs


Sequence: P1995C S1998 I2001 I2005A Initial Abundance
H 0.30 0.30 0.31 0.31 0.365 
&He-3  6.8E-10 6.2E-10 9.8E-10 6.8E-10 58000 
&He-4  0.18 0.17 0.16 0.16 0.133 
&Li-7  6.5E-08 0.94E-08 22.0E-08 14.0E-08 0.0 
&Be-7  2.1E-08 7.6E-08 1.2E-08 0.5E-08 0.0 
&C-12  8.0E-03 8.6E-03 2.5E-03 4.4E-03 0.94 
&C-13  5.6E-03 7.7E-03 1.6E-03 2.6E-03 0.012 
&N-14  5.4E-03 7.4E-03 4.8E-03 9.6E-03 0.0023 
&N-15  7.5E-02 7.5E-02 4.1E-02 4.6E-02 9.1x10^-5 
&O-16  13.0E-03 12.0E-03 8.5E-03 9.4E-03 150 
&O-17  3.3E-02 3.0E-02 9.4E-02 7.7E-02 8.5x10^-5 
&O-18  3.3E-03 1.9E-03 0.4E-03 0.2E-03 0.0048 
&F-18  6.9E-04 10.0E-04 1.5E-04 0.7E-04 0.0 
&F-19  5.9E-05 4.8E-05 0.8E-05 0.3E-05 0.011 
&Ne-20 0.21 0.21 0.20 0.21 0.25 
&Ne-21 8.4E-05 8.4E-05 6.4E-05 10.E-05 0.09 
&Ne-22 1.1E-06 0.9E-06 1.0E-06 0.2E-06 28.0
&Na-22 4.8E-03 7.3E-03 6.8E-03 4.5E-03 0.0 
&Na-23 2.1E-02 1.5E-02 2.3E-02 1.9E-02 9.2x10^-4 
&Mg-24 9.0E-04 2.5E-04 3.2E-04 2.8E-04 1000 
&Mg-25 3.3E-02 0.9E-02 1.2E-02 1.2E-02 1.9 10^-3 
&Mg-26 43.0E-04 19.0E-04 6.1E-04 6.6E-04 0.22 
&Al-26 5.2E-03 1.9E-03 1.7E-03 2.1E-03 0.0 
&Al-27 1.9E-02 1.9E-02 1.0E-02 1.0E-02 0.0016 
&Si-28 3.6E-02 5.9E-02 5.0E-02 5.5E-02 0.018 
&Si-29 4.8E-03 5.4E-03 12.0E-03 10.0E-03 9.5x10^-3 
&Si-30 1.6E-02 2.2E-02 2.5E-02 3.3E-02 6.5x10^-4 
&P-31  1.0E-02 1.4E-02 1.9E-02 1.6E-02 2.3x10^-4 
&S-32  0.6E-02 1.1E-02 1.5E-02 1.3E-02 0.011 
&S-33  43.0E-05 4.4E-05 8.0E-05 7.0E-05 0.09 
&S-34  8.3E-05 1.4E-05 2.8E-05 1.2E-05 0.5 
&Cl-35 2.3E-05 0.7E-05 1.4E-05 0.6E-05 0.098 
&Ar-36 2.6E-05 0.4E-05 0.3E-05 0.2E-05 1.9 
&Ca-40 1.7E-05 1.7E-05 1.7E-05 1.7E-05 1.7 
